0.7547820409138998